4294967278,366
4294967279,554
4294967278,365
4294967279,553
4294967279,552
4294967278,364
4294967278,363
4294967279,551
4294967278,362
4294967279,550
4294967278,361
4294967278,360
4294967278,359
4294967278,358
4294967279,549
4294967278,357
4294967279,548
4294967278,356
4294967278,355
4294967279,547
4294967279,546
4294967278,354
4294967278,353
4294967279,545
4294967279,544
4294967278,352
4294967279,543
4294967279,542
4294967279,541
4294967279,540
4294967278,351
17,5
17,4
17,3
17,2
17,1
17,0
4294967278,350
4294967279,539
4294967278,349
4294967278,348
4294967279,538
4294967278,347
4294967278,346
4294967279,537
4294967278,345
16,5
16,4
16,3
16,2
16,1
16,0
4294967279,536
4294967278,344
4294967279,535
4294967278,343
4294967279,534
4294967278,342
4294967278,341
4294967279,533
4294967278,340
4294967279,532
4294967278,339
4294967279,531
4294967278,338
15,5
15,4
15,3
15,2
15,1
15,0
4294967278,337
4294967279,530
4294967278,336
4294967278,335
14,5
14,4
14,3
14,2
14,1
14,0
13,5
13,4
13,3
13,2
13,1
13,0
4294967278,334
12,5
12,4
12,3
12,2
12,1
12,0
4294967278,333
4294967279,529
4294967278,332
11,5
11,4
11,3
11,2
11,1
11,0
10,5
10,4
10,3
10,2
10,1
10,0
4294967279,528
4294967293,131
4294967293,130
4294967293,129
4294967293,128
4294967293,127
4294967293,126
4294967293,125
4294967293,124
4294967293,123
4294967293,122
4294967293,121
4294967293,120
4294967293,119
4294967293,118
4294967293,117
4294967293,116
4294967293,115
4294967293,114
4294967293,113
4294967293,112
4294967293,111
4294967293,110
4294967293,109
4294967293,108
4294967293,107
4294967293,106
4294967293,105
4294967293,104
4294967293,103
4294967293,102
4294967293,101
4294967293,100
4294967293,99
4294967293,98
4294967293,97
4294967293,96
4294967293,95
4294967293,94
4294967293,93
4294967293,92
4294967293,91
4294967293,90
4294967293,89
4294967293,88
4294967293,87
4294967293,86
4294967293,85
4294967293,84
4294967293,83
4294967293,82
4294967293,81
4294967293,80
4294967293,79
4294967293,78
4294967293,77
4294967293,76
4294967293,75
4294967293,74
4294967293,73
4294967293,72
4294967293,71
4294967293,70
4294967293,69
4294967293,68
4294967293,67
4294967293,66
4294967293,65
4294967293,64
4294967293,63
4294967293,62
4294967293,61
4294967293,60
4294967293,59
4294967293,58
4294967293,57
4294967293,56
4294967293,55
4294967293,54
4294967293,53
4294967293,52
4294967293,51
4294967293,50
4294967293,49
4294967293,48
4294967293,47
4294967293,46
4294967293,45
4294967293,44
4294967293,43
4294967293,42
4294967293,41
4294967293,40
4294967293,39
4294967293,38
4294967293,37
4294967293,36
4294967293,35
4294967293,34
4294967293,33
4294967293,32
4294967293,31
4294967293,30
4294967293,29
4294967293,28
4294967293,27
4294967293,26
4294967293,25
4294967293,24
4294967293,23
4294967293,22
4294967293,21
4294967293,20
4294967293,19
4294967293,18
4294967293,17
4294967293,16
4294967293,15
4294967293,14
4294967293,13
4294967293,12
4294967293,11
4294967293,10
4294967293,9
4294967293,8
4294967293,7
4294967293,6
4294967293,5
4294967293,4
4294967293,3
4294967293,2
4294501266,0
4294501265,0
4294501264,0
4294501263,0
4294501262,0
4294501261,0
4294501260,0
4294501259,0
4294501258,0
4294501257,0
4294967293,0
4294967278,179
4294967278,65
4294967278,325
4294967278,178
4294967278,64
4294967278,324
4294967278,177
4294967278,63
4294967278,176
4294967278,62
4294967278,283
4294967278,175
4294967278,61
4294967278,173
4294967278,60
4294967278,323
4294967278,172
4294967278,59
4294967278,314
4294967278,171
4294967278,58
4294967278,313
4294967278,170
4294967278,57
4294967278,312
4294967278,169
4294967278,56
4294967278,311
4294967278,168
4294967278,55
4294967278,319
4294967278,167
4294967278,54
4294967278,322
4294967278,166
4294967278,53
4294967278,310
4294967278,165
4294967278,52
4294967278,309
4294967278,164
4294967278,51
4294967278,308
4294967278,163
4294967278,50
4294967278,307
4294967278,162
4294967278,49
4294967278,306
4294967278,161
4294967278,48
4294967278,318
4294967278,160
4294967278,47
4294967278,321
4294967278,159
4294967278,46
4294967278,305
4294967278,158
4294967278,45
